8 9 3 4 1
8 9 4 5 7
8 9 4 6 7
8 9 3 4 7
8 9 3 4 7
8 9 3 4 7
8 9 3 4 7
8 9 3 4 7
8 9 3 5 6
8 9 4 5 7
8 4 5 6 7
8 9 3 6 7
8 9 4 5 6
9 4 5 6 7
8 9 3 4 6
9 3 4 5 7
8 9 3 4 7
8 9 4 1 7
8 9 3 4 7
8 9 2 4 5
8 9 4 1 7
8 9 3 4 6
8 9 4 1 7
9 3 4 5 7
8 9 3 4 6
8 9 2 4 7
8 9 4 5 7
8 3 4 6 7
8 9 3 4 5
8 3 4 6 7
8 9 4 5 7
8 9 2 4 6
8 9 4 6 7
8 9 3 5 6
8 1 4 5 9
8 9 3 4 6
8 9 3 4 6
9 4 5 6 7
8 9 3 4 7
8 9 3 4 7
9 4 5 6 7
8 9 1 5 7
9 3 4 5 6
8 9 4 5 7
8 9 3 4 7
8 9 4 6 7
8 9 3 4 6
8 9 4 6 7
8 9 4 5 7
8 9 4 5 7
8 9 3 4 7
8 9 2 4 5
8 9 4 5 7
8 9 3 4 6
8 9 3 4 5
8 9 3 4 7
8 9 4 6 7
8 9 3 4 7
8 9 3 4 6
8 9 5 6 7
8 9 4 5 7
8 9 3 4 7
8 9 3 4 7
9 1 4 5 7
8 9 3 4 6
8 9 3 4 6
8 9 2 3 4
8 9 3 4 6
8 9 5 6 7
8 9 3 4 7
8 9 4 5 7
8 4 5 6 7
8 9 4 5 7
8 9 3 4 7
9 3 1 4 7
8 9 3 4 5
8 9 2 3 6
8 9 4 5 7
8 9 3 4 6
8 9 4 5 7
8 9 7 5 1
8 9 3 4 6
9 3 4 1 7
8 9 3 6 7
8 9 4 6 7
9 5 4 1 7
8 9 3 4 7
8 9 3 4 7
8 9 3 5 7
8 9 4 5 6
8 9 4 6 7
8 9 4 6 1
8 9 3 6 7
8 9 2 4 7
8 9 3 4 7
8 9 3 4 7
8 9 4 5 6
8 9 4 5 1
8 9 3 5 7
8 9 4 5 7
8 9 3 4 7
8 9 3 4 7
9 3 4 6 7
8 9 3 4 6
8 9 3 4 7
8 9 3 4 6
8 9 3 4 7
8 9 3 4 7
8 9 2 4 1
8 9 4 5 7
8 9 3 4 6
8 9 3 4 7
8 9 3 4 6
8 9 3 6 7
8 9 5 6 7
8 9 4 6 7
8 9 3 4 7
8 9 3 4 7
8 9 4 1 7
8 9 3 4 6
8 9 4 1 7
8 9 3 4 7
8 9 3 4 7
8 3 4 6 7
8 9 3 4 7
8 9 3 5 6
8 9 4 6 7
8 9 4 5 7
8 9 4 1 7
8 9 4 6 7
8 9 4 5 7
8 9 2 4 6
8 9 3 4 7
8 9 4 6 7
8 9 4 5 7
8 9 3 4 7
8 9 3 4 7
8 9 3 4 7
8 9 3 4 7
8 9 3 4 7
8 9 3 6 7
8 9 3 4 6
8 9 4 5 1
8 9 4 1 7
8 9 4 1 7
8 9 3 4 7
8 9 3 4 7
8 9 3 4 7
8 9 1 5 7
8 9 2 3 4
8 9 3 4 7
8 9 5 6 7
8 9 3 4 7
9 4 5 6 7
8 9 3 4 7
8 9 3 4 7
8 9 5 6 7
8 9 4 6 7
8 9 2 3 4
8 9 3 4 6
9 3 4 6 7
8 9 3 4 7
8 9 3 5 7
8 9 3 4 6
8 3 4 6 7
9 1 5 4 7
8 9 3 4 7
8 9 4 5 7
8 9 3 5 7
8 9 3 4 7
8 9 3 4 7
8 9 1 5 7
9 4 5 6 7
9 3 1 6 7
8 9 3 4 7
8 9 4 5 7
8 9 3 4 7
8 9 3 4 7
8 9 3 6 7
8 9 3 4 7
8 9 1 6 7
9 3 4 1 7
8 9 4 5 6
8 9 4 5 7
8 9 3 4 7
8 9 5 6 7
8 9 3 1 7
9 4 1 6 7
8 9 4 6 7
8 9 4 5 6
8 9 4 5 7
8 9 3 4 6
8 9 3 4 7
8 9 3 4 7
8 9 3 4 6
8 9 4 5 6
8 9 3 4 7
8 9 3 4 7
8 9 4 5 7
8 9 4 5 7
8 9 3 4 7
8 9 5 6 7
8 9 2 4 6
8 9 3 5 7
8 9 2 4 7
8 9 4 6 7
8 1 4 9 7
8 9 3 4 7
8 9 3 4 7
8 9 4 5 6
8 9 3 4 5
8 9 4 5 7
8 3 4 6 7
8 9 3 4 7
8 9 4 6 7
8 9 3 4 7
8 9 3 4 7
8 9 3 4 7
9 1 4 6 7
8 9 3 4 7
8 9 4 1 7
8 9 4 6 7
8 9 4 5 7
8 9 4 5 6
8 9 3 4 7
8 9 4 5 7
8 9 3 4 6
9 3 4 6 7
8 9 4 5 7
8 9 3 4 6
8 9 4 6 7